Sommer 1945.  Viele Polizeibeamte werden auf Anordung der amerikanischen Militärregierung entlassen. Ehemalige NSDAP-Mitglieder sollen nicht mehr als Polizitisten arbeiten dürfen. 

Vor allem die Kriminalpolizei ist damit faktisch aufgelöst.

	S    O     M     M      E      R      -    1      9     4      5       .     -     V      I     E     L    E     -     P     O     L      I       Z   E    I     B      E    A     M      T     E  -
[27.4, 27.55, 27.7, 27.9, 28.05, 28.34, 28.36, 28.59, 28.72, 28.9, 29.15, 29.2, 29.3, 30.1, 30.2, 30.4, 30.6, 30.8, 30.9, 31.4, 31.4, 31.55, 31.75, 31.9, 32, 32.15, 32.3, 32.5, 32.6, 32.7, 32.8, 32.9, 32.92, 33, 33.2, 33.3, 33.4, 33.5, 33.6, 33.7, 33.8, 33.9, 34, 34.1]


  W      E     R     D      E      N    ""    A    U    F    ""   A N O R D N U N G " " DER "" AMERIKANISCHEN "" MILITÄRREGIERUNG "" ENTLASSEN
  
  33, 33.05, 33.1, 33.15, 33.25, 33.3, 33.31, 33.4, 33.45, 33.5, 33.51



  [27.4, 27.55, 27.7, 27.9, 28.05, 28.34, 28.36, 28.59, 28.72, 28.9, 29.15, 29.45, 30.2, 30.4, 30.6, 30.8, 30.85,
                        31., 31.089744, 31.179487, 31.269231, 31.358974, 31.448718, 31.538462, 31.628205, 31.717949, 31.807692, 31.897436, 31.987179, 32.076923, 32.166667, 32.25641, 32.346154, 32.435897, 32.525641, 32.615385, 32.705128, 32.794872, 32.884615, 32.974359, 33.064103, 33.153846, 33.24359, 33.333333, 33.423077, 33.512821, 33.602564, 33.692308, 33.782051, 33.871795, 33.961538, 34.051282, 34.141026, 34.230769, 34.320513, 34.410256, 34.5, 34.589744, 34.679487, 34.769231, 34.858974, 34.948718, 35.038462, 35.128205, 35.217949, 35.307692, 35.397436, 35.487179, 35.576923, 35.666667, 35.75641, 35.846154, 35.935897, 36.025641, 36.115385, 36.205128, 36.294872, 36.384615, 36.474359, 36.564103, 36.653846, 36.74359, 36.833333, 36.923077, 37.012821, 37.102564, 37.192308, 37.282051, 37.371795, 37.461538, 37.551282, 37.641026, 37.730769, 37.820513, 37.910256, 38., 38.1, 38.2, 38.3, 38.35, 
                        38.4, 38.479221, 38.558442, 38.637662, 38.716883, 38.796104, 38.875325, 38.954545, 39.033766, 39.112987, 39.192208, 39.271429, 39.350649, 39.43, 39.509091, 39.588312, 39.667532, 39.746753, 39.825974, 39.905195, 39.984416, 40.063636, 40.142857, 40.222078, 40.301299, 40.380519, 40.45974, 40.538961, 40.618182, 40.697403, 40.776623, 40.855844, 40.935065, 41.014286, 41.093506, 41.172727, 41.251948, 41.331169, 41.41039, 41.48961, 41.568831, 41.648052, 41.727273, 41.806494, 41.885714, 41.964935, 42.044156, 42.123377, 42.202597, 42.281818, 42.361039, 42.44026, 42.519481, 42.598701, 42.677922, 42.757143, 42.836364, 42.915584, 42.994805, 43.074026, 43.153247, 43.232468, 43.311688, 43.390909, 43.47013, 43.549351, 43.628571, 43.707792, 43.787013, 43.866234, 43.945455, 44.024675, 44.103896, 44.183117, 44.262338, 44.341558, 44.420779, 44.5,
                        44.8, 44.872642, 44.945283, 45.017925, 45.090566, 45.163208, 45.235849, 45.308491, 45.381132, 45.453774, 45.526415, 45.6, 45.671698, 45.74434, 45.816981, 45.889623, 45.962264, 46.034906, 46.107547, 46.180189, 46.25283, 46.325472, 46.398113, 46.470755, 46.543396, 46.616038, 46.688679, 46.761321, 46.833962, 46.906604, 46.979245, 47.051887, 47.124528, 47.19717, 47.27, 47.342453, 47.415094, 47.487736, 47.560377, 47.633019, 47.70566, 47.778302, 47.850943, 47.923585, 47.996226, 48.068868, 48.141509, 48.214151, 48.286792, 48.359434, 48.432075, 48.504717, 48.577358, 48.65, 
                        49.2, 49.62, 50.01, 50.45, 50.7];